0.000182
0.001244
0.004203
0.009636
0.015711
0.025243
0.037026
0.076922
0.077050
0.106410
0.141096
0.188760
0.229708
0.297121
0.353048
0.442827
0.520196
0.614328
0.718174
0.871246
1.053168
1.131369
1.332367
1.473312
1.678365
1.874441
2.160767
2.392057
2.590909
2.896770
3.172237
3.510576
3.835485
4.214367
4.647147
5.003924
5.332559
5.877099
6.373176
6.815548
7.309863
7.806385
8.510681
9.116923
9.838585
10.457765
11.050742
11.984770
12.701708
13.515972
14.355256
14.718564
15.734031
16.740577
17.634463
18.668893
19.681813
20.953810
21.785711
22.914998
24.451192
25.566139
27.110590
28.192014
28.976316
